1
69 10
QUERY 1 1 1 69 69 69
UPDATE 10 30 51 191983903
UPDATE 6 20 60 88229553
UPDATE 62 26 31 450800985
UPDATE 34 25 40 861430285
QUERY 1 1 1 69 69 69
UPDATE 64 1 50 101597558
UPDATE 50 43 61 536850651
QUERY 1 1 1 69 69 69
QUERY 41 11 27 47 43 44
QUERY 1 1 1 69 69 69
UPDATE 35 25 20 264866132
QUERY 1 1 1 69 69 69
UPDATE 10 22 45 921476620
QUERY 1 1 1 69 69 69
QUERY 1 1 1 69 69 69
UPDATE 49 11 63 41231916
UPDATE 8 45 40 843316483
UPDATE 57 20 45 958626566
QUERY 1 1 1 69 69 69
UPDATE 15 19 26 85462858
UPDATE 16 13 69 365453884
QUERY 1 1 1 69 69 69
UPDATE 67 24 56 892212962
UPDATE 35 58 13 773605076
QUERY 1 1 1 69 69 69
UPDATE 52 46 52 593625062
UPDATE 41 60 5 730934012
QUERY 1 1 1 69 69 69
UPDATE 44 41 39 868023347
QUERY 1 1 1 69 69 69
UPDATE 55 2 35 462443091
QUERY 1 1 1 69 69 69
UPDATE 11 64 2 748705256
UPDATE 16 4 65 879243470
UPDATE 66 39 3 11674003
UPDATE 13 21 33 326825143
QUERY 1 1 1 69 69 69
QUERY 1 1 1 69 69 69
UPDATE 46 23 55 144359375
QUERY 1 1 1 69 69 69
UPDATE 69 20 63 520836979
UPDATE 46 13 12 838459065
UPDATE 19 60 58 333739671
QUERY 1 1 1 69 69 69
UPDATE 62 46 41 29469202
QUERY 1 1 1 69 69 69
QUERY 1 1 1 69 69 69
UPDATE 50 7 59 169461489
UPDATE 36 68 32 735046507
UPDATE 59 11 23 941013198
UPDATE 58 56 24 599190507
QUERY 34 18 30 52 69 41
QUERY 1 1 1 69 69 69
QUERY 1 1 1 69 69 69
QUERY 1 1 1 69 69 69
UPDATE 36 7 16 977179122
UPDATE 20 8 27 611579873
UPDATE 31 45 58 848460697
UPDATE 21 61 13 274517743
UPDATE 43 58 24 84998478
UPDATE 45 64 36 284836827
QUERY 1 1 1 69 69 69
QUERY 1 1 1 69 69 69
UPDATE 8 28 30 275847357
UPDATE 50 59 51 722281212
QUERY 1 1 1 69 69 69
QUERY 1 1 1 69 69 69
UPDATE 47 32 44 766190242
QUERY 1 1 1 69 69 69
UPDATE 62 17 48 565891370
UPDATE 30 50 61 606571607
QUERY 1 1 1 69 69 69
QUERY 1 1 1 69 69 69
QUERY 1 1 1 69 69 69
UPDATE 56 35 38 945758492
UPDATE 60 6 31 90063627
UPDATE 36 19 15 606554107
QUERY 1 1 1 69 69 69
QUERY 1 49 9 7 52 15
